ACC:  -1577,   -651,  16692    GYRO:    120,   -798,   -481
ACC:  -1567,   -579,  16891    GYRO:    182,   -898,   -504
ACC:  -1549,   -655,  16685    GYRO:    152,   -914,   -506
ACC:  -1516,   -576,  16715    GYRO:    111,   -822,   -764
ACC:  -1531,   -661,  16679    GYRO:     80,   -872,   -376
ACC:  -1384,   -652,  16659    GYRO:     70,  -1114,   -589
ACC:  -1491,   -681,  16868    GYRO:     39,   -801,   -699
ACC:  -1600,   -724,  16745    GYRO:    206,   -826,   -480
ACC:  -1282,   -618,  16752    GYRO:     32,   -812,   -461
ACC:  -1526,   -644,  16796    GYRO:    124,   -854,   -524
ACC:  -1563,   -647,  16855    GYRO:    147,   -905,   -510
ACC:  -1551,   -654,  16851    GYRO:     99,   -853,   -500
ACC:  -1580,   -628,  16483    GYRO:    183,   -835,   -494
ACC:  -1475,   -653,  16439    GYRO:     40,   -813,   -504
ACC:  -1531,   -619,  16604    GYRO:    141,   -877,   -503
ACC:  -1465,   -709,  16512    GYRO:     61,   -795,   -491
ACC:  -1541,   -749,  16891    GYRO:     42,   -811,   -585
ACC:  -1522,   -636,  16695    GYRO:     83,   -882,   -537
ACC:  -1409,   -635,  16679    GYRO:     76,   -848,   -532
ACC:  -1548,   -637,  16518    GYRO:     72,   -860,   -519
ACC:  -1582,   -656,  16856    GYRO:    175,  -1020,   -598
ACC:  -1643,   -709,  16772    GYRO:     81,   -880,   -465
ACC:  -1521,   -641,  16955    GYRO:    132,   -940,   -532
ACC:  -1535,   -601,  16591    GYRO:    160,   -921,   -525
ACC:  -1539,   -695,  16864    GYRO:    153,   -907,   -468
ACC:  -1506,   -630,  16670    GYRO:     38,   -812,   -511
ACC:  -1487,   -653,  16516    GYRO:    146,   -950,   -520
ACC:  -1552,   -628,  16691    GYRO:     35,   -841,   -519
ACC:  -1539,   -593,  16836    GYRO:     96,   -845,   -483
ACC:  -1547,   -633,  16670    GYRO:    263,   -983,   -432
ACC:  -1511,   -627,  16965    GYRO:    139,   -970,   -606
ACC:  -1600,   -608,  16912    GYRO:    128,   -916,   -564
ACC:  -1525,   -583,  16475    GYRO:    127,   -857,   -724
ACC:  -1594,   -698,  16848    GYRO:    196,   -931,   -579
ACC:  -1454,   -654,  16399    GYRO:    -44,   -795,   -579
ACC:  -1541,   -689,  16572    GYRO:    206,   -965,   -559
ACC:  -1408,   -688,  16769    GYRO:    102,   -866,   -409
ACC:  -1753,   -553,  16638    GYRO:    202,   -952,   -446
ACC:  -1524,   -666,  16516    GYRO:    152,   -880,   -503
ACC:  -1601,   -619,  16964    GYRO:     83,   -579,   -510
ACC:  -1540,   -778,  16816    GYRO:    182,   -892,   -288
ACC:  -1531,   -651,  16699    GYRO:    132,   -790,   -466
ACC:  -1546,   -522,  16622    GYRO:    134,   -919,   -468
ACC:  -1515,   -603,  16706    GYRO:     98,   -813,   -465
ACC:  -1555,   -695,  16726    GYRO:    210,   -890,   -531
ACC:  -1532,   -587,  16723    GYRO:    157,   -938,   -362
ACC:  -1535,   -677,  16447    GYRO:    163,   -919,   -547
ACC:  -1583,   -631,  16556    GYRO:     62,   -809,   -549
ACC:  -1513,   -770,  16960    GYRO:    267,   -990,   -332
ACC:  -1482,   -648,  16468    GYRO:    130,   -870,   -567
ACC:  -1506,   -634,  16712    GYRO:    105,   -820,   -454
ACC:  -1532,   -634,  16475    GYRO:    286,  -1012,   -535
ACC:  -1474,   -694,  16772    GYRO:    111,   -821,   -579
ACC:  -1544,   -715,  16549    GYRO:    -25,   -813,   -285
ACC:  -1525,   -671,  16867    GYRO:     75,   -767,   -501
ACC:  -1699,   -617,  16684    GYRO:    119,   -639,   -482
ACC:  -1534,   -602,  16527    GYRO:    303,   -928,   -471
ACC:  -1533,   -751,  16783    GYRO:     70,   -766,   -438
ACC:  -1760,   -625,  16826    GYRO:    -88,   -756,   -517
ACC:  -1537,   -649,  16803    GYRO:    188,   -941,   -507
ACC:  -1514,   -660,  16492    GYRO:     37,  -1035,   -620
ACC:  -1486,   -742,  16512    GYRO:    197,   -931,   -290
ACC:  -1568,   -600,  16819    GYRO:    186,   -908,   -542
ACC:  -1574,   -648,  16575    GYRO:    201,   -916,   -419
ACC:  -1547,   -699,  16764    GYRO:    110,   -796,   -468
ACC:  -1605,   -669,  16884    GYRO:     49,   -965,   -559
ACC:  -1571,   -634,  16707    GYRO:    193,   -967,   -489
ACC:  -1526,   -608,  16572    GYRO:    129,   -886,   -600
ACC:  -1522,   -716,  16556    GYRO:    203,   -878,   -507
ACC:  -1514,   -626,  16663    GYRO:    221,   -860,   -481
ACC:  -1493,   -655,  16495    GYRO:     38,   -963,   -529
ACC:  -1528,   -646,  16427    GYRO:    141,   -876,   -421
ACC:  -1530,   -922,  16844    GYRO:    172,   -897,   -494
ACC:  -4065,    265,  28319    GYRO:    337,  -1042,    404
ACC:  -1694,   -632,  17004    GYRO:    211,  -1007,   -610
ACC:  -1841,   -673,  17819    GYRO:    193,   -834,   -583
ACC:  -1365,   -489,  14386    GYRO:    137,   -880,   -496
ACC:  -1296,   -789,  17295    GYRO:    205,   -969,   -336
ACC:  -1606,   -622,  16771    GYRO:    198,   -862,   -488
ACC:  -1653,   -691,  16531    GYRO:    115,   -594,   -339
ACC:  -1539,   -617,  16872    GYRO:    129,   -855,   -440
ACC:  -1612,   -676,  16787    GYRO:     99,   -831,   -379
ACC:  -1511,   -637,  16540    GYRO:    207,   -854,   -563
ACC:  -1554,   -692,  16957    GYRO:     60,   -817,   -576
ACC:  -1652,   -580,  16907    GYRO:    172,   -639,   -439
ACC:  -1528,   -644,  16342    GYRO:     32,   -787,   -691
ACC:  -1578,   -688,  16651    GYRO:    207,   -785,   -464
ACC:  -1592,   -706,  16987    GYRO:     37,   -831,   -460
ACC:  -1567,   -655,  16611    GYRO:    146,   -937,   -478
ACC:  -1599,   -603,  16564    GYRO:     68,   -990,   -659
ACC:  -1532,   -606,  16829    GYRO:     60,   -790,   -665
ACC:  -1526,   -650,  16787    GYRO:     53,   -773,   -405
ACC:  -1680,   -774,  16748    GYRO:    105,   -613,   -458
ACC:  -1526,   -741,  16506    GYRO:    147,   -886,   -559
ACC:  -1569,   -765,  16780    GYRO:    275,   -921,   -539
ACC:  -1516,   -624,  16476    GYRO:     86,   -850,   -559
ACC:  -1560,   -666,  16798    GYRO:    133,   -920,   -517
ACC:  -1599,   -695,  16814    GYRO:    199,   -796,   -421
ACC:  -1512,   -633,  16708    GYRO:    189,   -888,   -277
ACC:  -1513,   -685,  16620    GYRO:    160,   -838,   -409
ACC:  -1383,   -619,  16756    GYRO:    130,   -605,   -459
ACC:  -1510,   -624,  16637    GYRO:    114,   -863,   -449
ACC:  -1565,   -613,  16711    GYRO:    123,   -852,   -438
ACC:  -1538,   -617,  16723    GYRO:    160,   -880,   -479
ACC:  -1568,   -650,  16892    GYRO:     91,   -818,   -461
ACC:  -1623,   -587,  16912    GYRO:    222,   -627,   -445
ACC:  -1550,   -738,  16691    GYRO:    121,   -762,   -594
ACC:  -1570,   -702,  16759    GYRO:    247,   -853,   -451
ACC:  -1466,   -690,  16483    GYRO:    137,   -810,   -511
ACC:  -1510,   -896,  16843    GYRO:    109,   -831,   -501
ACC:  -1428,   -700,  16700    GYRO:    160,   -785,   -396
ACC:  -1500,   -582,  16527    GYRO:    141,   -868,   -503
ACC:  -1522,   -688,  16679    GYRO:     63,   -862,   -444
ACC:  -1480,   -794,  16699    GYRO:     39,   -559,   -424
ACC:  -1575,   -696,  16603    GYRO:    132,   -913,   -464
ACC:  -3114,   -798,  13072    GYRO:   1788,  -2053,  -1003
ACC:  -1490,  -1070,  15707    GYRO:    254,   -838,   -461
ACC:  -1359,   -365,  15407    GYRO:    214,   -900,   -441
ACC:  -1548,   -818,  17724    GYRO:      5,   -847,   -480
ACC:  -1556,   -592,  16704    GYRO:    147,   -917,   -408
ACC:  -1418,   -590,  16588    GYRO:    212,   -875,   -547
ACC:  -1546,   -584,  16694    GYRO:    201,   -951,   -479
ACC:  -1603,   -720,  16885    GYRO:    118,   -847,   -468
ACC:  -1544,   -586,  16376    GYRO:    154,   -908,   -483
ACC:  -1514,   -686,  16837    GYRO:    107,   -824,   -488
ACC:  -1549,   -667,  16568    GYRO:    219,  -1010,   -555
ACC:  -1363,   -665,  16504    GYRO:    173,   -711,   -295
ACC:  -1788,   -590,  16925    GYRO:    219,   -941,   -391
ACC:  -1560,   -672,  16391    GYRO:     87,   -801,   -442
ACC:  -1501,   -567,  16492    GYRO:    216,  -1024,   -451
ACC:  -1526,   -693,  16588    GYRO:    140,   -849,   -267
ACC:  -1569,   -655,  16684    GYRO:     91,   -941,   -517
ACC:  -1549,   -609,  16639    GYRO:     43,   -800,   -413
ACC:  -1534,   -682,  16997    GYRO:    145,   -836,   -496
ACC:  -1602,   -604,  16604    GYRO:    102,   -780,   -444
ACC:  -1300,   -527,  16615    GYRO:    122,   -839,   -559
ACC:  -1555,   -643,  16620    GYRO:    204,   -935,   -479
ACC:  -1580,   -572,  16696    GYRO:    214,   -885,   -424
ACC:  -1550,   -650,  16440    GYRO:    273,   -941,   -289
ACC:  -1453,   -647,  16536    GYRO:    131,   -782,   -440
ACC:  -1592,   -686,  16430    GYRO:    137,   -901,   -434
ACC:  -1552,   -684,  16819    GYRO:    204,   -926,   -493
ACC:  -1573,   -687,  16572    GYRO:     71,   -967,   -548
ACC:  -1773,   -652,  16568    GYRO:    -14,   -730,   -632
ACC:  -1539,   -671,  16812    GYRO:   -121,   -768,   -355
ACC:  -1705,   -689,  16713    GYRO:     27,   -892,   -441
ACC:  -1493,   -650,  16651    GYRO:     76,   -798,   -491
ACC:  -1597,   -659,  16852    GYRO:    102,   -857,   -433
ACC:  -1290,   -699,  16580    GYRO:    208,   -965,   -430
ACC:  -1480,   -660,  16755    GYRO:    -36,   -743,   -469
ACC:  -1614,   -664,  16675    GYRO:    131,   -671,   -370
ACC:  -1576,   -644,  16593    GYRO:    174,   -885,   -510