ACC:  -1612,   -622,  16663    GYRO:    230,   -770,   -413
ACC:  -1531,   -567,  16492    GYRO:    246,   -989,   -292
ACC:  -1516,   -596,  16563    GYRO:    104,   -821,   -509
ACC:  -1393,   -607,  16696    GYRO:    162,   -931,   -539
ACC:  -1521,   -695,  16500    GYRO:    116,   -783,   -471
ACC:  -1522,   -674,  16755    GYRO:    177,   -968,   -589
ACC:  -1528,   -649,  16615    GYRO:    189,   -877,   -495
ACC:  -1529,   -617,  16741    GYRO:    160,   -907,   -438
ACC:  -1410,   -626,  16746    GYRO:    198,   -949,   -477
ACC:  -1314,   -714,  16652    GYRO:    218,   -956,   -524
ACC:  -1538,   -652,  16771    GYRO:    178,   -806,   -466
ACC:  -1421,   -677,  16584    GYRO:    248,   -770,   -522
ACC:  -1537,   -615,  16717    GYRO:    132,   -876,   -491
ACC:  -1540,   -634,  16851    GYRO:    146,   -701,   -516
ACC:  -1786,   -633,  16764    GYRO:    181,   -848,   -546
ACC:  -1535,   -653,  16695    GYRO:    247,   -972,   -541
ACC:  -1537,   -669,  16692    GYRO:    128,   -798,   -466
ACC:  -1755,   -657,  16656    GYRO:    194,   -942,   -722
ACC:  -1503,   -635,  16752    GYRO:    104,   -908,   -609
ACC:  -1639,   -663,  16629    GYRO:    176,   -690,   -381
ACC:  -1547,   -668,  16731    GYRO:    107,   -808,   -384
ACC:  -1582,   -708,  16739    GYRO:    -20,   -767,   -435
ACC:  -1549,   -635,  16727    GYRO:     14,   -786,   -524
ACC:  -1520,   -668,  16691    GYRO:    129,   -885,   -458
ACC:  -1620,   -604,  16895    GYRO:     71,   -866,   -473
ACC:  -1524,   -699,  16867    GYRO:     86,   -869,   -756
ACC:  -1508,   -638,  16781    GYRO:    116,   -772,   -448
ACC:  -1529,   -627,  16357    GYRO:    122,   -890,   -477
ACC:  -1505,   -663,  16906    GYRO:    123,   -786,   -390
ACC:  -1554,   -680,  16715    GYRO:    165,   -887,   -592
ACC:  -1512,   -595,  16871    GYRO:    176,   -955,   -568
ACC:  -1551,   -639,  16555    GYRO:      7,   -860,   -527
ACC:  -1425,   -529,  16631    GYRO:    208,   -892,   -545
ACC:  -1554,   -706,  16667    GYRO:     14,   -811,   -493
ACC:  -1563,   -737,  16714    GYRO:    147,   -852,   -473
ACC:  -1707,   -749,  16780    GYRO:    122,   -832,   -569
ACC:  -1485,   -641,  16792    GYRO:    143,   -926,   -604
ACC:  -1663,   -607,  16684    GYRO:     52,   -830,   -502
ACC:  -1552,   -697,  16643    GYRO:    193,   -920,   -284
ACC:  -1544,   -684,  16735    GYRO:     89,   -845,   -384
ACC:  -1645,   -609,  16628    GYRO:    190,   -863,   -471
ACC:  -1526,   -648,  16803    GYRO:    259,   -944,   -480
ACC:  -1585,   -577,  16820    GYRO:     13,   -942,   -559
ACC:  -1502,   -646,  16851    GYRO:    221,   -915,   -496
ACC:  -1519,   -657,  16603    GYRO:    220,   -900,   -565
ACC:  -1576,   -574,  16943    GYRO:    150,   -998,   -348
ACC:  -1570,   -600,  16546    GYRO:     94,   -829,   -718
ACC:  -1513,   -649,  16680    GYRO:    203,   -860,   -423
ACC:  -1544,   -644,  16873    GYRO:    132,   -839,   -543
ACC:  -1525,   -659,  16779    GYRO:     84,   -836,   -492
ACC:  -1468,   -722,  16839    GYRO:    142,   -757,   -438
ACC:  -1282,   -550,  16496    GYRO:    121,   -832,   -462
ACC:  -1538,   -656,  16780    GYRO:    187,   -961,   -573
ACC:  -1602,   -590,  16574    GYRO:     73,   -862,   -472
ACC:  -1532,   -699,  16861    GYRO:     38,   -801,   -261
ACC:  -1549,   -747,  16675    GYRO:    221,   -823,   -448
ACC:  -1307,   -572,  16644    GYRO:    154,   -863,   -558
ACC:  -1514,   -668,  16792    GYRO:    109,   -949,   -540
ACC:  -1503,   -621,  16766    GYRO:     36,   -909,   -454
ACC:  -1765,   -613,  16653    GYRO:    186,   -964,   -297
ACC:  -1503,   -667,  16830    GYRO:     58,   -824,   -401
ACC:  -1589,   -625,  16424    GYRO:     83,   -783,   -531
ACC:  -1521,   -653,  16716    GYRO:    243,  -1012,   -554
ACC:  -1401,   -655,  16795    GYRO:    234,   -792,   -460
ACC:  -1557,   -588,  16879    GYRO:    160,   -918,   -393
ACC:  -1542,   -650,  16700    GYRO:    110,   -775,   -440
ACC:  -1552,   -638,  16698    GYRO:    210,   -954,   -521
ACC:  -1532,   -736,  16783    GYRO:    109,   -831,   -690
ACC:  -1545,   -605,  16715    GYRO:    233,   -885,   -451
ACC:  -1448,   -602,  16468    GYRO:    140,   -887,   -474
ACC:  -1564,   -652,  16587    GYRO:    111,   -900,   -462
ACC:  -1547,   -547,  16851    GYRO:     57,   -928,   -552
ACC:  -1548,   -685,  16760    GYRO:    106,   -906,   -638
ACC:  -1500,   -356,  16631    GYRO:    147,   -897,   -413
ACC:  -1633,   -607,  16876    GYRO:    125,   -926,   -466
ACC:  -1537,   -607,  16504    GYRO:     82,   -815,   -264
ACC:  -1577,   -607,  16684    GYRO:    145,   -967,   -609
ACC:  -1418,   -626,  16326    GYRO:    139,  -1115,   -523
ACC:  -1555,   -593,  16603    GYRO:    178,   -968,   -542
ACC:  -1590,   -630,  16482    GYRO:     79,   -847,   -546
ACC:  -1782,   -691,  16948    GYRO:    184,   -934,   -489
ACC:  -1535,   -653,  16691    GYRO:     14,   -753,   -454
ACC:  -1602,   -606,  16884    GYRO:    149,   -851,   -539
ACC:  -1523,   -536,  16399    GYRO:     -2,   -808,   -707
ACC:  -1508,   -662,  16877    GYRO:   -105,   -787,   -395
ACC:  -1552,   -708,  16416    GYRO:    193,   -908,   -534
ACC:  -1532,   -642,  16676    GYRO:    137,   -780,   -446
ACC:  -1545,   -631,  16577    GYRO:    252,   -780,   -483
ACC:  -1284,   -757,  16810    GYRO:     73,   -742,   -553
ACC:  -1539,   -679,  16411    GYRO:    179,   -847,   -431
ACC:  -1481,   -581,  16610    GYRO:     82,   -806,   -505
ACC:  -1525,   -737,  16692    GYRO:    365,  -1024,   -334
ACC:  -1438,   -616,  16883    GYRO:    108,   -887,   -463
ACC:  -1578,   -772,  16699    GYRO:    293,  -1018,   -435
ACC:  -1529,   -659,  16814    GYRO:    -47,   -742,   -457
ACC:  -1576,   -702,  16768    GYRO:    205,   -794,   -467
ACC:  -1291,   -603,  16715    GYRO:     18,   -762,   -688
ACC:  -1544,   -642,  16731    GYRO:     83,   -884,   -573
ACC:  -1699,   -709,  16716    GYRO:    191,   -869,   -471
ACC:  -1543,   -693,  16526    GYRO:    131,   -931,   -331
ACC:  -1499,   -679,  16524    GYRO:    141,   -818,   -507
ACC:  -1624,   -670,  16500    GYRO:     19,   -798,   -446
ACC:  -1516,   -608,  16812    GYRO:     55,   -815,   -462
ACC:  -1569,   -709,  16580    GYRO:    179,   -854,   -477
ACC:  -1785,   -654,  16555    GYRO:    304,   -970,   -513
ACC:  -1501,   -635,  16791    GYRO:     55,   -866,   -473
ACC:  -1435,   -631,  16774    GYRO:    204,   -960,   -476
ACC:  -1546,   -656,  16540    GYRO:    147,   -849,   -478
ACC:  -1546,   -536,  16824    GYRO:    224,   -785,   -414
ACC:  -1505,   -691,  16580    GYRO:    155,   -882,   -501
ACC:  -1515,   -659,  16781    GYRO:    139,   -844,   -465
ACC:  -1504,   -704,  16508    GYRO:     84,   -944,   -520
ACC:  -1490,   -604,  16502    GYRO:    164,   -867,   -754
ACC:  -1488,   -684,  16606    GYRO:    226,   -837,   -440
ACC:  -1606,   -556,  16648    GYRO:      2,   -823,   -476
ACC:  -1571,   -677,  16732    GYRO:    167,   -854,   -452
ACC:  -1591,   -615,  16506    GYRO:    197,   -835,   -508
ACC:  -1292,   -763,  16915    GYRO:     51,   -803,   -513
ACC:  -1538,   -632,  16640    GYRO:     78,   -808,   -451
ACC:  -1502,   -708,  16715    GYRO:    139,   -841,   -551
ACC:  -1538,   -721,  16711    GYRO:    114,   -862,   -509
ACC:  -1476,   -608,  16524    GYRO:    113,   -900,   -565
ACC:  -1680,   -774,  16796    GYRO:    137,   -926,   -476
ACC:  -1520,   -654,  16516    GYRO:     50,   -780,   -356
ACC:  -1637,   -591,  16656    GYRO:     39,   -821,   -487
ACC:  -1545,   -641,  16858    GYRO:    180,   -903,   -484
ACC:  -1514,   -652,  16367    GYRO:    115,   -857,   -511
ACC:  -1371,   -561,  16614    GYRO:    178,   -909,   -504
ACC:  -1558,   -679,  16787    GYRO:    324,  -1005,   -312
ACC:  -1523,   -643,  16827    GYRO:    159,   -854,   -461
ACC:  -1412,   -612,  16741    GYRO:    107,   -826,   -529
ACC:  -1523,   -635,  16867    GYRO:    150,   -862,   -480
ACC:  -1431,   -635,  16712    GYRO:    213,   -895,   -555
ACC:  -1765,   -691,  16548    GYRO:     65,   -795,   -672
ACC:  -1530,   -612,  16548    GYRO:     83,  -1007,   -504
ACC:  -1692,   -616,  16640    GYRO:    163,   -920,   -491
ACC:  -1533,   -641,  16603    GYRO:    113,   -880,   -583
ACC:  -1581,   -745,  16752    GYRO:    230,   -907,   -581
ACC:  -1286,   -584,  16548    GYRO:    174,   -934,   -477
ACC:  -1529,   -679,  16863    GYRO:    117,   -862,   -520
ACC:  -1428,   -602,  16651    GYRO:    145,   -915,   -465
ACC:  -1552,   -642,  16827    GYRO:    201,   -939,   -331
ACC:  -1497,   -631,  16541    GYRO:    266,   -938,   -505
ACC:  -1677,   -717,  16860    GYRO:    155,   -906,   -477
ACC:  -1520,   -664,  16398    GYRO:    116,   -901,   -573
ACC:  -1555,   -763,  16816    GYRO:    122,   -853,   -523
ACC:  -1536,   -644,  16525    GYRO:    109,   -871,   -462
ACC:  -1525,   -643,  16796    GYRO:    188,   -916,   -480
ACC:  -1653,   -605,  16608    GYRO:    123,   -763,   -445
ACC:  -1761,   -661,  16804    GYRO:    134,   -926,   -491
ACC:  -1560,   -592,  16571    GYRO:      8,   -893,   -501
ACC:  -1665,   -605,  16554    GYRO:    233,   -939,   -381
ACC:  -1557,   -673,  16556    GYRO:    137,   -949,   -570
ACC:  -1578,   -618,  16552    GYRO:    174,   -806,   -455
ACC:  -1526,   -664,  16563    GYRO:    214,   -970,   -545
ACC:  -1516,   -654,  16684    GYRO:    108,   -790,   -460
ACC:  -1487,   -759,  16560    GYRO:     50,   -858,   -514
ACC:  -1524,   -513,  16395    GYRO:     81,   -846,   -482
ACC:  -1517,   -643,  16737    GYRO:    151,   -820,   -415
ACC:  -1509,   -697,  16872    GYRO:      1,  -1266,   -590
ACC:  -1533,   -659,  16921    GYRO:    163,   -890,   -486
ACC:  -1559,   -631,  16544    GYRO:    138,   -819,   -417
ACC:  -1512,   -578,  16851    GYRO:    166,   -970,   -534
ACC:  -1552,   -648,  16572    GYRO:    112,   -894,   -521
ACC:  -1522,   -590,  16815    GYRO:     27,   -814,   -501
ACC:  -1544,   -571,  16805    GYRO:    227,   -863,   -505
ACC:  -1480,   -624,  16420    GYRO:    176,   -801,   -434
ACC:  -1666,   -758,  16803    GYRO:     96,   -854,   -497
ACC:  -1546,   -632,  16595    GYRO:     87,   -841,   -478
ACC:  -1588,   -644,  16811    GYRO:    144,   -973,   -507
ACC:  -1533,   -678,  16676    GYRO:    114,   -882,   -768
ACC:  -1471,   -645,  16676    GYRO:    147,   -939,   -570
ACC:  -1576,   -570,  16593    GYRO:    105,   -839,   -489
ACC:  -1495,   -599,  16543    GYRO:    182,   -898,   -589
ACC:  -1596,   -624,  16548    GYRO:    162,   -846,   -501
ACC:  -1514,   -696,  16575    GYRO:    186,   -887,   -584
ACC:  -1530,   -672,  16771    GYRO:    166,   -853,   -495
ACC:  -1541,   -695,  16484    GYRO:    207,   -877,   -482
ACC:  -1532,   -665,  16739    GYRO:    159,   -871,   -265
ACC:  -1504,   -640,  16551    GYRO:    209,   -860,   -431
ACC:  -1479,   -633,  16875    GYRO:    134,   -620,   -448
ACC:  -1491,   -735,  16667    GYRO:     48,   -833,   -531
ACC:  -1556,   -614,  16819    GYRO:     74,   -809,   -477
ACC:  -1519,   -664,  16711    GYRO:     96,   -839,   -497
ACC:  -1535,   -647,  16622    GYRO:     35,   -728,   -390
ACC:  -1576,   -576,  16868    GYRO:    130,   -848,   -495
ACC:  -1528,   -603,  16440    GYRO:    226,   -972,   -355
ACC:  -1556,   -668,  16736    GYRO:     92,   -807,   -507
ACC:  -1578,   -664,  16412    GYRO:    219,   -973,   -460
ACC:  -1531,   -649,  16763    GYRO:     98,   -814,   -415
ACC:  -1619,   -635,  16574    GYRO:    132,   -842,   -576
ACC:  -1532,   -572,  16575    GYRO:    101,   -907,   -522
ACC:  -1556,   -692,  16583    GYRO:     65,   -780,   -451